-1.25336
-1.22823
-1.20324
-1.17839
-1.15368
-1.1291
-1.10466
-1.08034
-1.05614
-1.03207
-1.0081
-0.984243
-0.960486
-0.936821
-0.913242
-0.889741
-0.866309
-0.842936
-0.819612
-0.796328
-0.773074
-0.749838
-0.72661
-0.70338
-0.680137
-0.656871
-0.633572
-0.610232
-0.586842
-0.563395
-0.539884
-0.516303
-0.492646
-0.46891
-0.445089
-0.421182
-0.397184
-0.373097
-0.348916
-0.324641
-0.300272
-0.275808
-0.251248
-0.226593
-0.201843
-0.176996
-0.152054
-0.127016
-0.101881
-0.0766502
-0.0513223
-0.0258962
-0.00037213
0.0252502
0.0509719
0.0767941
0.102716
0.12874
0.154865
0.181092
0.207421
0.233853
0.260386
0.287021
0.313757
0.340591
0.367523
0.394551
0.421673
0.448886
0.476187
0.503571
0.531037
0.558577
0.586188
0.613866
0.641603
0.669395
0.697235
0.725117
0.753034
0.780978
0.808942
0.836921
0.864904
0.892885
0.920858
0.948813
0.976746
1.00465
1.03251
1.06033
1.0881
1.11581
1.14346
1.17104
1.19855
1.22597
1.25331
1.28055
1.30769
1.33473
1.36166
1.38846
1.41515
1.4417
1.46811
1.49438
1.52049
1.54645
1.57224
1.59785
1.62328
1.64853
1.67357
1.69842
1.72304
1.74745
1.77163
1.79557
1.81926
1.8427
1.86587
1.88877
1.91138
1.93371
1.95574
1.97745
1.99886
2.01993
2.04068
2.06108
2.08113
2.10082
2.12015
2.1391
2.15768
2.17586
2.19364
2.21102
2.22798
2.24452
2.26062
2.27629
2.29151
2.30627
2.32057
2.33439
2.34772
2.36056
2.37289
2.38472
2.39602
2.40679
2.41702
2.42671
2.43584
2.44442
2.45242
2.45985
2.4667
2.47297
2.47865
2.48373
2.48822
2.49211
2.49539
2.49807
2.50015
2.50163
2.5025
2.50276
2.50242
2.50148
2.49994
2.49779
2.49505
2.49172
2.48779
2.48328
2.47817
2.47248
2.46621
2.45936
2.45193
2.44392
2.43535
2.4262
2.41649
2.40622
2.39538
2.38398
2.37204
2.35953
2.34648
2.33289
2.31875
2.30407
2.28886
2.27312
2.25686
2.24007
2.22276
2.20493
2.18658
2.16773
2.14836
2.12849
2.10812
2.08724
2.06586
2.04399
2.02163
1.99878
1.97545
1.95163
1.92735
1.9026
1.87738
1.85172
1.82561
1.79907
1.77211
1.74473
1.71696
1.68879
1.66025
1.63135
1.60211
1.57254
1.54264
1.51245
1.48198
1.45124
1.42024
1.38901
1.35755
1.32589
1.29403
1.262
1.2298
1.19744
1.16495
1.13232
1.09957
1.06671
1.03375
1.00069
0.967541
0.934313
0.901009
0.867636
0.834202
0.800713
0.767174
0.733595
0.699979
0.666337
0.632676
0.599002
0.565325
0.531653
0.497995
0.464361
0.43076
0.397202
0.363695
0.330251
0.296877
0.263587
0.230388
0.197291
0.164305
0.131442
0.0987105
0.0661204
0.0336806
0.00140028
-0.030712
-0.0626491
-0.0944026
-0.125964
-0.157327
-0.188488
-0.219436
-0.250167
-0.280676
-0.310955
-0.340998
-0.370801
-0.400357
-0.429662
-0.45871
-0.487495
-0.516015
-0.544264
-0.572238
-0.599934
-0.627348
-0.654477
-0.68132
-0.707873
-0.734136
-0.760108
-0.785788
-0.811177
-0.836277
-0.861088
-0.885611
-0.909849
-0.933807
-0.957486
-0.980892
-1.00403
-1.0269
-1.04951
-1.07186
-1.09397
-1.11583
-1.13745
-1.15883
-1.17999
-1.20091
-1.22162
-1.24211
-1.26238
-1.28245
-1.30231
-1.32196
-1.3414
-1.36065
-1.3797
-1.39856
-1.41722
-1.43569
-1.45396
-1.47204
-1.48993
-1.50762
-1.52512
-1.54243
-1.55953
-1.57645
-1.59316
-1.60967
-1.62598
-1.64208
-1.65797
-1.67365
-1.68911
-1.70435
-1.71937
-1.73416
-1.74872
-1.76304
-1.77712
-1.79096
-1.80455
-1.81788
-1.83096
-1.84378
-1.85634
-1.86862
-1.88064
-1.89238
-1.90383
-1.91501
-1.9259
-1.93651
-1.94682
-1.95685
-1.96658
-1.97602
-1.98516
-1.99401
-2.00256
-2.01082
-2.01879
-2.02647
-2.03386
-2.04097
-2.0478
-2.05436
-2.06064
-2.06667
-2.07244
-2.07796
-2.08324
-2.08829
-2.09311
-2.09771
-2.1021
-2.10629
-2.11029
-2.1141
-2.11773
-2.12119
-2.12448
-2.12762
-2.1306
-2.13344
-2.13613
-2.13868
-2.14109
-2.14337
-2.14552
-2.14753
-2.14941
-2.15116
-2.15277
-2.15425
-2.15559
-2.1568
-2.15785
-2.15876
-2.15952
-2.16013
-2.16057
-2.16085
-2.16097
-2.16091
-2.16068
-2.16027
-2.15968
-2.15891
-2.15796
-2.15682
-2.1555
-2.154
-2.15231
-2.15045
-2.1484
-2.14618
-2.14378
-2.14121
-2.13847
-2.13557
-2.13251
-2.1293
-2.12593
-2.12242
-2.11876
-2.11495
-2.11101
-2.10694
-2.10274
-2.0984
-2.09394
-2.08936
-2.08465
-2.07982
-2.07487
-2.06981
-2.06462
-2.05932
-2.0539
-2.04837
-2.04271
-2.03695
-2.03106
-2.02506
-2.01894
-2.0127
-2.00634
-1.99987
-1.99328
-1.98657
-1.97974
-1.9728
-1.96573
-1.95854
-1.95124
-1.94381
-1.93626
-1.92859
-1.9208
-1.91288
-1.90484
-1.89667
-1.88837
-1.87995
-1.87139
-1.86271
-1.8539
-1.84495
-1.83587
-1.82665
-1.8173
-1.80782
-1.7982
-1.78845
-1.77856
-1.76854
-1.75839
-1.74811
-1.7377
-1.72717
-1.71651
-1.70573
-1.69483
-1.68381
-1.67269
-1.66146
-1.65012
-1.63868
-1.62715
-1.61552
-1.6038
-1.59199
-1.58009
-1.56811
-1.55604
-1.54388
-1.53165
-1.51933
-1.50693
-1.49444
-1.48187
-1.46921
-1.45646
-1.44362
-1.43069
-1.41766
-1.40454
-1.39131
-1.37798
-1.36455
-1.35101
-1.33736
-1.32361
-1.30974
-1.29577
-1.28169
-1.26751
-1.25322
-1.23884
-1.22436
-1.20978
-1.19512
-1.18037
-1.16554
-1.15064
-1.13566
-1.12062
-1.10551
-1.09033
-1.07511
-1.05982
-1.04449
-1.0291
-1.01366
-0.998179
-0.982645
-0.967062
-0.951428
-0.935743
-0.920005
-0.904211
-0.888362
-0.872453
-0.856484
-0.840453
-0.824358
-0.808198
-0.791971
-0.775676
-0.759314
-0.742886
-0.726392
-0.709834
-0.693217
-0.676544
-0.659818
-0.643045
-0.626231
-0.609381
-0.592502
-0.5756
-0.558683
-0.541757
-0.52483
-0.507908
-0.490998
-0.474107
-0.457242
-0.440408
-0.423612
-0.406857
-0.390151
-0.373495
-0.356895
-0.340354
-0.323873
-0.307456
-0.291105
-0.274819
-0.258601
-0.24245
-0.226368
-0.210353
-0.194406
-0.178525
-0.162711
-0.146962
-0.131276
-0.115654
-0.100095
-0.0845963
-0.0691584
-0.05378
-0.0384603
-0.023198
-0.00799146
0.00715829
0.0222517
0.0372894
0.0522708
0.0671952
0.0820627
0.096873
0.111625
0.126318
0.140951
0.155524
0.170034
0.184483
0.198867
0.213185
0.227437
0.241621
0.255734
0.269777
0.283745
0.297638
0.311454
0.325189
0.338843
0.352413
0.365895
0.379288
0.39259
0.405796
0.418904
0.431912
0.444815
0.45761
0.470294
0.482861
0.495309
0.507634
0.519829
0.531892
0.543819
0.555603
0.567242
0.578731
0.590064
0.601239
0.612251
0.623094
0.633768
0.644267
0.654587
0.664725
0.674679
0.684443
0.694015
0.703392
0.712572
0.721551
0.730327
0.738899
0.747262
0.755416
0.763358
0.771085
0.778598
0.785892
0.792966
0.799819
0.806448
0.812851
0.819026
0.824971
0.830681
0.836157
0.841394
0.846391
0.851144
0.85565
0.859908
0.863914
0.867665
0.87116
0.874396
0.877372
0.880085
0.882535
0.88472
0.886638
0.888291
0.889678
0.890798
0.891652
0.892241
0.892565
0.892625
0.892423
0.891959
0.891236
0.890253
0.889014
0.887519
0.88577
0.883768
0.881516
0.879015
0.876266
0.873271
0.870032
0.866551
0.86283
0.858871
0.854677
0.85025
0.845594
0.840711
0.835606
0.830283
0.824747
0.819002
0.813056
0.806912
0.800579
0.794061
0.787366
0.780503
0.773478
0.7663
0.758978
0.751519
0.743933
0.736232
0.728422
0.720514
0.712519
0.704446
0.696305
0.688107
0.679862
0.671578
0.663268
0.654939
0.646603
0.63827
0.629947
0.621646
0.613374
0.60514
0.596954
0.588821
0.58075
0.572747
0.564819
0.556973
0.549213
0.541545
0.533975
0.526505
0.519141
0.511887
0.504747
0.497723
0.49082
0.48404
0.477389
0.470868
0.464482
0.458235
0.45213
0.44617
0.440361
0.434706
0.42921
0.423876
0.418707
0.41371
0.408889
0.404247
0.399791
0.395527
0.391458
0.38759
0.383928
0.380477
0.377242
0.374227
0.371436
0.368874
0.366544
0.364452
0.362602
0.360996
0.359638
0.35853
0.357674
0.357073
0.356727
0.356638
0.356806
0.357232
0.357917
0.358859
0.36006
0.361518
0.363231
0.365199
0.367421
0.369895
0.37262
0.375593
0.378811
0.382272
0.385977
0.389921
0.394103
0.398523
0.403177
0.408065
0.413186
0.418537
0.424119
0.429929
0.435967
0.442233
0.448727
0.455449
0.462396
0.469571
0.47697
0.484594
0.492442
0.500512
0.508804
0.517318
0.526051
0.535004
0.544174
0.553561
0.563163
0.572977
0.583001
0.593233
0.60367
0.61431
0.625147
0.636181
0.647405
0.658818
0.670412
0.682184
0.694129
0.706239
0.71851
0.730935
0.743507
0.75622
0.769066
0.782038
0.795128
0.808329
0.821633
0.835033
0.848521
0.862091
0.875733
0.889442
0.903209
0.917028
0.930893
0.944796
0.958731
0.972691
0.986674
1.00067
1.01468
1.02869
1.04271
1.05672
1.07073
1.08473
1.09871
1.11269
1.12665
1.1406
1.15452
1.16843
1.18232
1.19619
1.21004
1.22387
1.23768
1.25146
1.26522
1.27896
1.29267
1.30635
1.32001
1.33364
1.34724
1.36081
1.37434
1.38784
1.4013
1.41472
1.42809
1.44142
1.45469
1.46791
1.48107
1.49417
1.50719
1.52015
1.53302
1.54581
1.55851
1.57112
1.58362
1.59601
1.60829
1.62044
1.63247
1.64435
1.6561
1.66768
1.67912
1.69038
1.70147
1.71238
1.72311
1.73364
1.74397
1.75409
1.764
1.7737
1.78316
1.7924
1.80141
1.81018
1.8187
1.82698
1.83501
1.84279
1.85031
1.85758
1.86458
1.87133
1.87782
1.88404
1.89
1.8957
1.90114
1.90632
1.91124
1.91591
1.92031
1.92446
1.92835
1.93199
1.93539
1.93853
1.94144
1.9441
1.94652
1.9487
1.95066
1.95238
1.95388
1.95515
1.95621
1.95705
1.95768
1.95809
1.9583
1.95831
1.95812
1.95774
1.95716
1.95639
1.95544
1.9543
1.95299
1.95149
1.94982
1.94798
1.94596
1.94378
1.94144
1.93893
1.93625
1.93342
1.93043
1.92729
1.92399
1.92054
1.91695
1.9132
1.90932
1.90529
1.90111
1.89681
1.89236